id
1461491050858663936
1461025466681372672
1459080842375053312
1458196988663668736
1458111808875778048
1458088094335393792
1457774145429590016
1456700258285768704
1456462322772422656
1455085153953501184
1454835854946471936
1454735281974915072
1454504014704488448
1454128741332946944
1453798128939945984
1453789397757964288
1453694860310061056
1452912490623426560
1452905417273712640
1452899354168209408
1452888254299217920
1452780826857512960
1452402739678531584
1452380347119935488
1450010759497453568
1449679913108312064
1446577386456223744
1446253773664530432
1446109717319675904
1445669604118827008
1445437082550349824
1443282399178153984
1442537400945700864
1442410108365905920
1442381613845737472
1442069010896539648
1441779062352007168
1441699710964695040
1441699077683494912
1441322459475501056
1441132658386345984
1441055606065016832
1440985284473147392
1440641345115222016
1440341435383889920
1440275392053452800
1439586910675013632
1439558365630316544
1439557367260192768
1438934802854449152
1438827881749176320
1437795662490390528
1437701686534021120
1437152026064982016
1437132074385870848
1437121248014839808
1436675163576274944
1436396128304566272
1436336955709612032
1436219255977123840
1435917644570497024
1435721388476837888
1434222246449618944
1434210028588781568
1433916342613299200
1433432206622425088
1432261406620065792
1431122575363543040
1431000195844739072
1429677372060717056
1429537847044943872
1428724894326525952
1428318175716941824
1427362090617081856
1425913465164779520
1425569124533559296
1425398276883427328
1423394444741648384
1423357970612686848
1422822232250802176
1420847927656919040
1420818137721802752
1420046198787002368
1418855742795362304
1417615549023105024
1417575983075401728
1417433281692422144
1416062348759011328
1415709089099829248
1414935048613203968
1414929362135179264
1414925640659259392
1414674967623577600
1413114164021800960
1411933347530616832
1410981541962997760
1410560915259510784
1410111405274112000
1408913372519833600
1407280439543349248
1404645501643890688
1400822621525221376
1389573228377645056
1385291408169390080
1381996668858597376
1380066533230178304
1379482163159175168
1379024681932587008
1378125974173257728
1377928206175588352
1377214520205180928
1376561105682710528
1375533681494855680
1372369886836576256
1372192428141260800
1372102628646211584
1371872468458164224
1371178903952310272
1370320669712482304
1370312843740987392
1370132630583308288
1369736398543196160
1369428866880729088
1365675646689632256
1365607755411841024
1364734747524612096
1364322812996046848
1362055562981179392
1357223832285765632
1356355330956025856
1356181389712961536
1354365375740325888
1354077216888549376
1353747727251873792
1353729986788786176
1353049083775234048
1353044182701629440
1352994096105857024
1352988518373593088
1352872488758341632
1352869576820846592
1352713618060668928
1352204940375154688
1351106773856489472
1350998821342486528
1350557443240189952
1350024674869194752
1348945732598964224
1348436559448698880
1346853594541268992
1346557677418250240
1346557551647797248
1346510246102126592
1344926138632724480
1343345802241040384
1341855269031129088
1340977349882462208
1340967630249873408
1340629955827429376
1340629551437787136
1340611125826732032
1340322444280782848
1339989856265637888
1337858562190680064
1336591818469888000
1336312943177310208
1335340782547595264
1335322178846384128
1335142399719460864
1333144024467853312
1333109080240648192
1333108721145311232
1332413412555583488
1327846913295704064
1327846654712508416
1326933029512687616
1321923757355708416
1315765516108206080
1303281845707079680
1301103220312420352
1288132607713181696
1287630238130868224
1286030033337962496
1285537404250722304
1284808137359470592
1284187515138777088
1273148567201423360
1257940625862922240
1257687433669480448
1249427860772859904
1247802435227103232
1246379599342206976
1241824267622375424
1240080902698434560
1472700396929966080
1472700396929966080
1472583472913031168
1472319861724487680
1472309766470918144
1472233543132721152
1472232336267915264
1472177452294324224
1471927233942073344
1471800606922838016
1471753446181285888
1471647729554276352
1471394667665231872
1471250807190392832
1471222650991165440
1471218968635580416
1471215706666684416
1471205347348074496
1471155457582583808
1471022936660316160
1470794853705555968
1470730778703237120
1470686860514971648
1470658417480310784
1470449924168990720
1470292193806008320
1470111528456183808
1470093528533549056
1469695031057567744
1469655434193784832
1469634756442824704
1469602215119757312
1469420819457748992
1469325897794785280
1469287359246057472
1469014867420098560
1468962677271662592
1468902231852335104
1468871006114754560
1468868412218740736
1468674958285066240
1468635250863616000
1468529310030049280
1468481846505844736
1468336883910459392
1468298429336014848
1468290989672574976
1468250507764539392
1468219020167954432
1468150536834895872
1467982344703328256
1467890075186958336
1467820343129788416
1467244023287099392
1467195499237322752
1467189393773453312
1467040343900278784
1466765716204527616
1466756172346765312
1466492719946252288
1466382213260484608
1466314663164096512
1466114047657582592
1465790279592595456
1465757433280749568
1465709772561207296
1465604957470658560
1465604345060372480
1465441324031746048
1465399880982085632
1465389457251700736
1465334065066881024
1465328592217329664
1465327859623469056
1465322962567974912
1465284288530821120
1465267001040023552
1465257946284232704
1465239968071274496
1465222613341552640
1465203095990935552
1465119568368648192
1465054933103820800
1464999228502122496
1464978478273646592
1464704865859428352
1464671027145936896
1464591407037964288
1464563429893709824
1464555590584315904
1464551075042795520
1464543091025661952
1464541836991729664
1464307156614881280
1464296479888224256
1464296066443104256
1464138469375197184
1464133719254523904
1463973663405977600
1463972922691837952
1463968350351106048
1463837969266221056
1463760258254491648
1463744938869469184
1463634727563415552
1463625504431423488
1463492055641042944
1463470455763914752
1463414846804869120
1463227520875180032
1462842916301426688
1462826043417452544
1462823141760290816
1462766837536632832
1462750799071698944
1462663231789539328
1462536882345160704
1462474366592114688
1462473760238444544
1462386696113299456
1462364705868107776
1462333400304521216
1461796987481776128
1461792516869660672
1461790080109101056
1461748421333819392
1461744716974800896
1461741838830817280
1461676035779481600
1461630476611952640
1461549507271929856
1461451000187965440
1461207919668695040
1461092863282982912
1461040921907187712
1461032411593154560
1460975847049945088
1460803369866612736
1460731146917105664
1460655239275626496
1460651411256008704
1460520758271168512
1460308819234508800
1460293183523467264
1460135068706426880
1460010172546523136
1459959535863541760
1459949414211072000
1459948498678435840
1459863392395706368
1459813856960786432
1459666534247251968
1459629695343939584
1459564827588837376
1459494561663922176
1459471646490828800
1459438743576887296
1459163979679514624
1459133381346738176
1459008369998585856
1458950765591076864
1458926665552347136
1458919952749056000
1458902526640672768
1458859157583454208
1458525494794665984
1458452941384343552
1458409661217005568
1458359705840070656
1458234407513362432
1458131619701735424
1458125694492413952
1458078549806657536
1458000145216331776
1457941224615202816
1457828515160657920
1457828061110538240
1457768869028827136
1457650310663528448
1457406317497356288
1457381575944024064
1457339131575537664
1457334878572326912
1457253482189279232
1457206639002533888
1457146504838328320
1457109241089728512
1457003878625447936
1456893423038894080
1456753724521648128
1456749513452969984
1456549656826101760
1456504704066785280
1456310918061699072
1456281903523405824
1456267560064671744
1456115328958730240
1456113729762910208
1455996053409439744
1455968058091188224
1455961913427382272
1455937465043275776
1455909370701750272
1455877643526676480
1455862744738041856
1455814558640132096
1455806814067494912
1455617012932173824
1455575866407374848
1455236540330819584
1455216199151751168
1455166923218563072
1455148790441254912
1455077320335806464
1455059616883265536
1454883523639357440
1454790220973584384
1454784869939171328
1454783951420198912
1454754208394121216
1454733826421370880
1454713367608897536
1454592184280403968
1454498041860329472
1454432646524805120
1454391081987084288
1454110452162703360
1454079094472257536
1454072422534090752
1454025694678327296
1453950823826739200
1453872704508112896
1453868123573133312
1453852903979069440
1453801066630369280
1453783011334492160
1453741398981808128
1453627048119971840
1453613157805699072
1453569964074471424
1453521515371192320
1453367523794169856
1453351825197965312
1453331971153739776
1453093491467296768
1453026915531599872
1453015539635433472
1452872999812706304
1452800279099985920
1452751877553197056
1452722467198353408
1452655558302085120
1452649106120323072
1452616729251692544
1452411718664134656
1452392874356748288
1452324349294387200
1452190286365483008
1452174099925590016
1452071984934838272
1451998615946289152
1451927321854857216
1451923414877356032
1451913102673563648
1451907099005538304
1451889051238342656
1451860132455931904
1451822488866918400
1451782911527723008
1451667301846167552
1451644848583413760
1451603505848934400
1451550151294832640
1451522676074422272
1451460362436481024
1451393653931483136
1451200211699658752
1451185328681734144
1451167445734109184
1451161076897361920
1451131328636891136
1451130236582629376
1451128712624320512
1450914441550254080
1450892549783175168
1450887669593038848
1450791719751016448
1450595902775873536
1450492101481881600
1450385173024018432
1450334566376427520
1450222356732026880
1450167091798155264
1449722842388615168
1449464619605561344
1449451922541383680
1449435998585294848
1449424303141883904
1449218653338185728
1448947273593917440
1448941842788126720
1448925631421599744
1448923221852557312
1448745321383727104
1448358419572924416
1448329926017536000
1448246005632229376
1447629991181758464
1447613100182679552
1447443929176104960
1447416494569230336
1447277236340527104
1447186293599911936
1446969024345214976
1446964596405850112
1446801538660306944
1446740828370636800
1446598946621624320
1446567675753377792
1446539062865768448
1446518443197571072
1446491112168955904
1446346814056247296
1446218510074531840
1446201001300660224
1446176814712360960
1446151726722072576
1446111665896902656
1446109717319675904
1445827794248687616
1445765748685631488
1445760573933645824
1445728248676200448
1445715249894592512
1445653132382375936
1445372906494742528
1445347775466590208
1445344330621886464
1445343085219696640
1445334982675795968
1445125268293685248
1445043203443396608
1444945197683679232
1444918918947168256
1444770718047219712
1444752107161145344
1444625452472184832
1444578207546626048
1444375865656291328
1444321895701221376
1444191995065421824
1444116912099794944
1444007847570837504
1444006462645276672
1443939452137742336
1443719632188289024
1443627808417320960
1443593000118939648
1443569473806483456
1443534897088434176
1443513403167977472
1443340005200519168
1443316088322805760
1443311196669714432
1443309885836382208
1443224069655126016
1443213064887836672
1443184469192679424
1443141371007848448
1442947198564462592
1442914391196721152
1442867905205452800
1442856484900118528
1442833304483508224
1442828585388105728
1442826459148656640
1442739219697475584
1442730272802451456
1442621618329640960
1442590721391874048
1442559902564638720
1442549653472432128
1442520627466825728
1442467494401396736
1442435559469682688
1442424052556070912
1442412790543646720
1442216469429997568
1442192307827138560
1442087765081042944
1442008194096660480
1441924381144338432
1441798338303639552
1441697726501199872
1441443582133473280
1441382104537853952
1441328716945113088
1441167056104083456
1441127712714674176
1441097647134175232
1441079646439751680
1441068861282045952
1440994483559190528
1440991363449905152
1440975856176881664
1440964052059045888
1440926186918580224
1440628595722899456
1440610990110904320
1440601261829545984
1440568106523365376
1440274887751331840
1440229355083366400
1440064503241084928
1440041687296794624
1440033263133757440
1440033162600476672
1439934312355348480
1439909066587914240
1439885281428115456
1439695350932164608
1439625513518174208
1439606720439980032
1439606007953514496
1439528447664078848
1439520464578166784
1439455924104609792
1439382861019238400
1439327196129136640
1439249779637329920
1439223263121530880
1439161322063765504
1439130733382144000
1439126911213465600
1439006292421529600
1438945907320528896
1438915549149507584
1438880757402021888
1438785460499894272
1438776354829479936
1438714194589720576
1438620422384361472
1438556809955102720
1438490682231033856
1438468816623833088
1438435071841738752
1438136120588574720
1438063013014167552
1437832946845618176
1437816269798051840
1437812286274613248
1437701050916552704
1437495454615449600
1437470515476717568
1437414405541609472
1437383025344516096
1437337828065742848
1437317509754011648
1437197142351925248
1437153306464464896
1437076855677407232
1437023485172273152
1437003825383100416
1436998001483034624
1436992270713114624
1436981932122906624
1436961990157783040
1436928460610494464
1436824116632375296
1436747139774881792
1436724407347687424
1436707630978895872
1436706609699430400
1436704661885620224
1436694649452834816
1436654399431094272
1436643298739900416
1436454781376241664
1436429392511737856
1436416578975723520
1436338875568476160
1436336081750962176
1436300719632625664
1436258381807988736
1436234027019681792
1436228839554887680
1436212877334130688
1436158363918905344
1436056989491240960
1436035282801995776
1435978603762683904
1435912167753232384
1435905299689394176
1435867274590789632
1435728823287439360
1435708690833846272
1435707374145318912
1435626402028609536
1435166845791657984
1434820040344354816
1434652233975615488
1434624680640536576
1434515909687844864
1434386663531220992
1434148347422691328
1434145009645854720
1434140612203266048
1434136862319390720
1434126788322594816
1434093315369181184
1433885766145482752
1433761487395246080
1433732749110751232
1433725808036782080
1433683858487136256
1433528468315119616
1433514866145431552
1433488660188602368
1433480776444784640
1433421982528249856
1433378416682799104
1433365805316595712
1433350102773534720
1433330544851525632
1433149720315285504
1433122691045896192
1432995824645152768
1432789522941632512
1432604167965655040
1432361776549613568
1432276170226159616
1432094238288789504
1432067885346787328
1431987725683630080
1431972470756622336
1431962045482782720
1431951674751467520
1431726369793355776
1431537351180918784
1431246635003224064
1431238222781296640
1431189495693590528
1431032590182531072
1431001777013411840
1430985802985713664
1430530121228857344
1430244636577124352
1430155238821044224
1430132102239031296
1430081559919480832
1430073523062640640
1430057294780411904
1429868975832371200
1429723926142259200
1429556078501666816
1429508025639911424
1429500613080064000
1429484571805077504
1429445430488748032
1429405644810035200
1429000861544587264
1428765114921062400
1428714109529432064
1428710103432273920
1428464158014586880
1428345974150287360
1428334592130527232
1427972007178682368
1427952836294361088
1427876054602063872
1427524379341205504
1427301448723931136
1426905462889459712
1426893820067782656
1426741255896145920
1426672401539125248
1426656071226216448
1426572457335529472
1426536461579558912
1426479196050690048
1426452749840003072
1426442308250124288
1426258909384298496
1425828491291938816
1425786402499960832
1425702039972204544
1425564813418242048
1425524455636361216
1425456891820392448
1425095447723626496
1424990738761330688
1424830050164252672
1424829454208094208
1424826864288292864
1424816164090388480
1424799566218637312
1424647571830673408
1424490992548421632
1424097229149716480
1424070352880160768
1423943451402510336
1423896936713760768
1423885996639277056
1423665613336158208
1423658427050508288
1423389161894129664
1423342933072302080
1423336752727707648
1423329570196008960
1423296892511821824
1423229578668134400
1423201018884632576
1422908738533535744
1422800733330624512
1422635074835648512
1422597493364252672
1422307215923466240
1422277016334778368
1422229664215470080
1422147778222907392
1422108560050343936
1421906497781518336
1421822112722001920
1421743882522537984
1421731104541876224
1421423209065365504
1421366170465312768
1420873787512397824
1420864667782615040
1420765201477951488
1420137226239979520
1420087561435979776
1420041628044206080
1420031129810317312
1420023191905374208
1419991831119597568
1419977762786484224
1419969975570341888
1419704622340579328
1419667642017845248
1419666430992142336
1419643220187881472
1419514691680886784
1419481614153814016
1419299872453414912
1419277540082991104
1419092743473799168
1418839115911598080
1418658817756254208
1418554530661273600
1418256627376041984
1418250895624654848
1418185829386760192
1417948524956856320
1417839868181467136
1417452739228016640
1417240342525534208
1417213523256651776
1417168866153730048
1417049051556728832
1417040767546183680
1416842157902729216
1416789003307728896
1416751563197108224
1416681140757438464
1416422139700420608
1416018386174332928
1415995741215068160
1415764353068961792
1415739285567909888
1415737894707376128
1415686622541082624
1415647525562949632
1415550713564995584
1415546979933900800
1415285713994661888
1415242608985653248
1415177316779581440
1415135864951345152
1415094071350206464
1415036707829952512
1415032444869353472
1414881728301346816
1414859387965956096
1414633028991717376
1414586057811693568
1414576373608468480
1414461935689650176
1414253616458764288
1414208569097039872
1414198939843190784
1414195780680884224
1414171196732674048
1414156507860672512
1414153056594300928
1414100598086062080
1413990487233552384
1413988845117452288
1413744874449420288
1413484493357395968
1413454980573327360
1413181110532681728
1413017563878068224
1412917344591097856
1412856091415830528
1412840151722729472
1412726788871143424
1412495481125617664
1411482428607193088
1411249740025638912
1410878459996479488
1410878066411311104
1410353364651683840
1410125319286267904
1409914240870330368
1409638625004843008
1409620675455684608
1408184834921533440
1407076188762394624
1406746091480141824
1406713408964157440
1406333378492776448
1406227822142799872
1405802725833646080
1405573479798353920
1405177400477077504
1405073102590066688
1404503511027621888
1404382722815148032
1404028267179413504
1403692717893472256
1402223150780256256
1402072867215495168
1401673239932383232
1400830042016464896
1400407446124892160
1400323071312080896
1400031832306032640
1399947178550902784
1399748831131181056
1399703213952180224
1399699095846109184
1398993828204498944
1398975562803257344
1398789026035994624
1398530824476237824
1397689383151714304
1397624175540555776
1397512524128530432
1397164062857912320
1397108832065757184
1397057876624019456
1396941695049216000
1396851686942068736
1396386395485315072
1396353961930678272
1395873237557551104
1395743222236864512
1395036285266452480
1395032816203743232
1395021068805476352
1394810213669220352
1394718903536869376
1394383508336824320
1394138018647261184
1394060548690616320
1392546876591906816
1392106166398947328
1391789795337248768
1391773019345866752
1391685519092948992
1391356043087818752
1390901436272320512
1390722080023498752
1390635172605927424
1390493213790715904
1390405771205165056
1390374397463117824
1390368392201314304
1390284293923016704
1390228029948010496
1390227489948119040
1390060831514234880
1390008698374864896
1389919236928253952
1389681597213982720
1389526775332581376
1389288893225259008
1389258444096655360
1389200693546962944
1388734658523893760
1388663461345910784
1388199814836404224
1388163478037401600
1388084347224330240
1387904278224846848
1387838228040978432
1387772221620359168
1387609257923710976
1387381153422794752
1387084581636038656
1387036514081771520
1386978347914350592
1386348048595529728
1385730517065158656
1385660803274219520
1385552531200299008
1385530780135436288
1384488760054845440
1383917965188366336
1383739569128972288
1383448867316793344
1383355345678917632
1383315601662234624
1383154631048593408
1383097690494533632
1382821005958074368
1382760433849925632
1382748716247945216
1382737385788686336
1382539764390371328
1382458715736043520
1382429404823977984
1382361945261608960
1382321029264109568
1382230022904291328
1382227610768400384
1381476496368353280
1381375893994618880
1381285172268634112
1381257280629440512
1381204986982449152
1381029839344431104
1380915650089074688
1380618178531885056
1380616413115777024
1380504808826736640
1380156032312352768
1379859732660379648
1379802664201027584
1379532939155898368
1379527315479220224
1379493384000303104
1379477490746470400
1379473099255517184
1379455340111134720
1379400693254094848
1379378849528549376
1379328110626213888
1379194112914653184
1379027731543900160
1379003648785678336
1378968308481982464
1378747966484316160
1378730598882230272
1378684128229482496
1378677466458361856
1378492518778732544
1378433709074956288
1378061694384152576
1378039834921553920
1377975235044126720
1377891940121858048
1377886479842689024
1377710969619632128
1377676467430162432
1377647774141968384
1377588376170283008
1377565176048799744
1377556403477438464
1377534809128509440
1377534702203121664
1377510955182067712
1377475466051919872
1377367232276090880
1377365215994470400
1377351915797811200
1377325142687236096
1377302458813313024
1377279972390412288
1377231856035368960
1377227066563788800
1377161146369642496
1376993035595223040
1376960563880812544
1376947211725115392
1376831563850260480
1376631375990755328
1376576799291891712
1376560070704701440
1376482863810498560
1376248460542947328
1376130491791900672
1375962866554187776
1375881282438184960
1375779645669441536
1375767539247104000
1375767107837788160
1375702535177134080
1375517604043923456
1375509976718864384
1375495124701024256
1375489117656649728
1375480903288418304
1375343955978682368
1375211917241892864
1375206196664238080
1375201802933694464
1375196741897699328
1375169237971517440
1375141278598463488
1375139223054004224
1375135263895207936
1375108484052758528
1375064408649576448
1375055727958577152
1375053917877379072
1374818033701679104
1374814006364540928
1374806379702190080
1374721641817706496
1374706096565321728
1374561535494914048
1374561214777413632
1374496745674088448
1374481544199294976
1374404566771372032
1374400246223007744
1374393337096990720
1374385665673097216
1374323197076766720
1374313725210062848
1374101807820070912
1374097310410547200
1374007203393384448
1373782141033709568
1373768722582810624
1373728251663822848
1373715490334502912
1373713904115802112
1373696556805844992
1373578611257704448
1373551862234898432
1373397303164297216
1373351824376336384
1373284189907382272
1373243715028975616
1373211339078959104
1373176912466575360
1372982167052169216
1372976790961020928
1372915405895954432
1372877793818738688
1372866035523674112
1372823833061818368
1372780074370433024
1372690796441387008
1372493571048288256
1372483734142918656
1372256316933210112
1372244388638830592
1372235965645914112
1372186362045169664
1372183068056899584
1372159198323163136
1372102434550595584
1371923452526010368
1371911367427567616
1371888761815056384
1371873489183989760
1371852799814799360
1371842368236834816
1371780401535066112
1371755497611796480
1371747390605160448
1371723447659794432
1371709631203045376
1371552812912480256
1371468677732835328
1371366131433373696
1371262285294018560
1371227932933419008
1371183367237070848
1371043285331017728
1371042066193645568
1370797821700546560
1370739246009626624
1370720796793049088
1370672108003598336
1370468109929353216
1370431835285639168
1370409397437018112
1370374661859635200
1370361978456313856
1370316771849293824
1370028717439807488
1370001372452638720
1369990977423880192
1369960482170355712
1369945967085125632
1369813689105268736
1369545996116590592
1369423763297681408
1369405834908827648
1369383030234693632
1369347291795054592
1369040997838110720
1369014894973042688
1368902940291923968
1368612552754802688
1368584895577133056
1368570920655335424
1368468346321174528
1368299236220080128
1368294779105185792
1368269883344105472
1368201983736352768
1368160217951797248
1368144393920778240
1368134301615788032
1368099963545255936
1367931963315785728
1367836124882890752
1367807135061598208
1367461172354580480
1367416059175854080
1367153017968078848
1367131365670535168
1367079777060982784
1367003662967574528
1366777828050632704
1366651220149075968
1366485355562749952
1366397894966788096
1366345762351775744
1366307344662028288
1366179179000193024
1366163041327468544
1366107228982423552
1366000566229491712
1365733605453029376
1365723207668555776
1365378252991324160
1365303279886995456
1365286240090796032
1365115432294825984
1365027652801880064
1364991940186546176
1364978863311380480
1364888013084516352
1364601639034888192
1364355248765206528
1363590777964740608
1363254884989104128
1362619708017692672
1362378926128005120
1362288386996924416
1362145750700949504
1362092562341888000
1361996912593940480
1361961035792609280
1361956723683176448
1361814937555894272
1361764190843715584
1361660159714541568
1361657638262616064
1361571771539980288
1361370720140472320
1361305221515915264
1361282900008841216
1361091708172271616
1360983005251203072
1360445387333640192
1360163375615983616
1360158235454550016
1360152994193489920
1360147496660525056
1359206698167267328
1359072280282877952
1358833066232459264
1358760472108007424
1358419531237105664
1358418098282504192
1358211061573427200
1358132992422649856
1357751152096468992
1357749510705983488
1357726479044468736
1357654094970773504
1357424995459362816
1357379088323854336
1357286030626480128
1357253921887109120
1357099278750121984
1357058272294035456
1357044437730398208
1356847577036181504
1356691281381126144
1356681523353821184
1356664380260298752
1356590039501856768
1356571794988236800
1356558056503541760
1356522761636691968
1356310217558994944
1356029691640111104
1355995434607636480
1355944783513055232
1355494562458988544
1355478380880273408
1355182986606616576
1355164995449970688
1354924549968719872
1354900869276426240
1354885098903117824
1354819601763246080
1354486190674685952
1354431780909166592
1354098228761948160
1354038843398365184
1354036922650386432
1353855010564616192
1353823099075104768
1353821318089744384
1353813137003307008
1353807551524184064
1353777432139091968
1353689487507922944
1353484919213871104
1353368863531032576
1353351565617332224
1353347041360015360
1353304461704310784
1353265027294367744
1353033372210253824
1353014654793084928
1352968201588666368
1352918686206746624
1352911574076448768
1352903403169599488
1352889622012030976
1352659887273226240
1352632316305289216
1352609637649043456
1352567978441768960
1352563027695071232
1352527531052834816
1352324434087063552
1352316137531387904
1352301480192176128
1352029478076219392
1351958647140724736
1351942651189329920
1351919606823268352
1351836146582638592
1351800456322969600
1351553550648815616
1351540679953051648
1351529099127386112
1351518473256640512
1351191946967003136
1351161972822302720
1350809739047956480
1350805608539320320
1350788166438055936
1350764767661711360
1350728368040370176
1350700268757913600
1350579617959190528
1350551470500950016
1350529809458360320
1350529431694155776
1350410844870504448
1350372041845841920
1350338348360081408
1350123465085509632
1350034270279053312
1349971858796539904
1349766683888676864
1349741499072839680
1349736898692931584
1349689503292780544
1349638142278709248
1349370868741373952
1349342363827785728
1349326564396298240
1349059370743717888
1348912695530184704
1348868321052143616
1348853902842753024
1348789200003485696
1348736124060131328
1348621520747307008
1348578788444168192
1348575300477714432
1348429237808717824
1348404366773014528
1348348702184902656
1348238124116303872
1348165892228702208
1347942295686021120
1347936441377185792
1347671609776222208
1347635947328958464
1347512020392960000
1347507437331472384
1347495143868391424
1347205392330334208
1346904044678344704
1346849908016492544
1346752986039676928
1346517535831846912
1346510246102126592
1346440001920380928
1346168688047759360
1346026055237324800
1346018271179501568
1345839034992627712
1345830644199411712
1345823940787261440
1345734591752134656
1345729962691731456
1345690372962459648
1345674216587350016
1345446624965914624
1345136336504819712
1345113000005525504
1345012632932282368
1344957858908164096
1344637063547727872
1344169859232522240
1343972360282644480
1343971318518185984
1343854346090516480
1343718391438323712
1343585942951620608
1343329724467212288
1343169611316027392
1342922260320030720
1342912302987812864
1342794692652650496
1342786091456327680
1342654855488405504
1342520029095600128
1342460932841209856
1342186870755762176
1342166119369609216
1342089553339932672
1342027342110220288
1341852556247638016
1341851316512014336
1341803005268647936
1341774802625974272
1341541227267764224
1341531128398815232
1341481986498715648
1341439002084335616
1341409937147260928
1340944611389435904
1340936279417090048
1340850242015662080
1340819618567512064
1340754888821776384
1340670182591787008
1340653169337126912
1340596195698352128
1340581997467582464
1340237487088816128
1340223637933203456
1340123127045603328
1339989676732653568
1339947016957341696
1339940916530954240
1339894604267728896
1339662475776552960
1339184599054815232
1339035948408053760
1338580893959655424
1338472540554088448
1337894481136390144
1337775049634426880
1337666314983366656
1337540579987689472
1337438936474529792
1337436375084253184
1337139619259879424
1337103095608860672
1336730112134361088
1336708112154308608
1336557919740039168
1336228259114184704
1336221402622533632
1336055500291575808
1335806856489553920
1335692709428867072
1335617210463768576
1335570215384608768
1335503502307680256
1335500391153364992
1335498745161592832
1334901832477503488
1334884067540656128
1333828336565571584
1333825939411791872
1333814854289907712
1333666045089943552
1333484869104640000
1333342443639611392
1333305588198092800
1333218168073052160
1333095503953883136
1332685687578107904
1332429535225122816
1332328365018255360
1332136504764854272
1332101416652054528
1332089564270366720
1332060751788445696
1332053385416232960
1331962592433229824
1331962284198027264
1331932060760608768
1331149424622530560
1330865275143598080
1330551140317097984
1330529055658160128
1330493287787094016
1330089892785893376
1329879816787664896
1329710150773575680
1329224256400580608
1329038555352616960
1328930089308999680
1328796036991692800
1328707873069801472
1328653060554559488
1328627009409388544
1328430494657241088
1328340250071093248
1327704895017857024
1327293107759697920
1327240404484448256
1327213080758128640
1327012017937461248
1326960711738732544
1326959682032967680
1326915522110377984
1326895081236860928
1326836804302086144
1326777816009105408
1326692445250269184
1326613545962844160
1326194981367918592
1326120805189767168
1325915887010983936
1325467133141262336
1323236511588978688
1322426337907347456
1320658104497950720
1319729631830958080
1319193909508165632
1318991037289910272
1318838635966451712
1318727854423760896
1318626911778689024
1318581348911796224
1317439689691942912
1316453835573952512
1316027826471018496
1315933882429198336
1315909889139634176
1315596598601277440
1315433839674757120
1315025482166013952
1314455955267112960
1314268088985100288
1314248288745459712
1313452438167445504
1312744352112881664
1312347542022217728
1308574571436662784
1308458044083318784
1308139952660787200
1306715693161877504
1306680061110689792
1306488114748284928
1305210837578190848
1303943279952699392
1303688587716722688
1303489439684087808
1300101810041085952
1299381791447449600
1298593256863825920
1298285110895280128
1297499252596367360
1297118944004837376
1296477181036695552
1296178251971297280
1295801776747184128
1295247314584469504
1294581279112015872
1294287685775958016
1293967418373607424
1293627941801340928
1293619163035045888
1293564664727642112
1293499847174127616
1293483836047855616
1293463658144706560
1293457208517304320
1293453633728782336
1293436988708868096
1293431180289871872
1293274925017505792
1293199025055965184
1291847915510681600
1291142875284148224
1290588081117110272
1290586051766099968
1290021584590082048
1290015424092884992
1289999166123282432
1289975105163075584
1289921293521829888
1289898928024899584
1289890695642316800
1289777525149720576
1289705246613073920
1289542882571952128
1289531532428771328
1289530796966019072
1289443438937571328
1289344008301375488
1289280051070951424
1289202350666596352
1288371563847352320
1288248265255813120
1288154728979890176
1288150689093476352
1287327143370854400
1286941093100244992
1286603741534261248
1286599660568752128
1286324592248795136
1286240692587630592
1286165631583293440
1286064686937649152
1285995449846038528
1285944565615267840
1285673506064207872
1285629800938430464
1285260269468475392
1285258647019360256
1285246833992896512
1285208652941598720
1284891245681221632
1284874335631618048
1284777103267958784
1284599503568490496
1284222364113412096
1284188743679856640
1284185730349248512
1283729052092772352
1283611086055452672
1283528603473522688
1283477881826488320
1282785383391154176
1282626117183115264
1282588969323175936
1282381973105803264
1278060586157379584
1277395883269722112
1277112952647299072
1276853228987088896
1276813090336710656
1276450149963792384
1275737988849381376
1275714408442978304
1275713727682183168
1272963522025213952
1270471795590733824
1267859224421416960
1267212485070905344
1265567505470427136
1265334724924506112
1264971584302874624
1263055541355642880
1262911490421657600
1262735264264400896
1261594941261844480
1261309748319641600
1259894159000973312
1259799460529537024
1259588183794364416
1259549133729382400
1259465782775484416
1259378006352637952
1259369552099643392
1259146701564268544
1259143943062720512
1258817652035895296
1258809476087533568
1258379889994076160
1257923205815324672
1257094466550337536
1257054217249918976
1256916477690753024
1256884746979852288
1255992415204368384
1255962126105133056
1255738784630661120
1254421586955898880
1254027970634792960
1253617641811513344
1253385384265953280
1253373325516079104
1253095043285626880
1253061532151357440
1253023133419868160
1252997825539051520
1252992995894403072
1252987002309541888
1252945268946976768
1252902568168226816
1252887186833317888
1252883178760450048
1252735048635342848
1252727935716524032
1252714756630249472
1252688742395117568
1252654607538499584
1252611897108594688
1252586540087357440
1252584000373362688
1252578488177082368
1252556733882531840
1252530139423883264
1252519312599977984
1252478846600871936
1252477722846208000
1252357221813346304
1252351965490581504
1252314957083029504
1252275270461071360
1252189482062929920
1251589498514870272
1251426835545706496
1250726492860014592
1249811504792252416
1249723767359778816
1249290074925289472
1249090066150043648
1249023964904665088
1249013264551378944
1248640808829497344
1248134939553513472
1247822833000091648
1247627689323831296
1247588152618909696
1247208411856429056
1246706704231862272
1246458016939085824
1245691535817166848
1245685983950991360
1241886119765200896
1241727838572642304
1241620380860768256
1241611486985928704
1239592400466644992
1236571854686629888
1235977791377747968
1232738154429452288
1228412223082594304


